0 0.15858891715074633 0.8891983496166318 0.027538422865118397 0.02462258238581522
0 0.22387117829147385 0.8913582199852285 0.028510367134080613 0.022894693206265613
0 0.2893154301219769 0.8933021108770014 0.02656647846584775 0.023326664018793224
0 0.3542737096768321 0.8948140242856273 0.02559453391455097 0.02289468875918603
0 0.4202039337829834 0.8954619871750379 0.02527055268702604 0.022462713499578655
0 0.48629614850289743 0.8968659067687613 0.026566478465847823 0.024838577427418754
0 0.5531983168345751 0.8976218634730742 0.024298608352909666 0.024190614538007794
0 0.6183185872203728 0.8997817397711105 0.02559453413173152 0.025054565057222363
0 0.6848967741724996 0.90150964080954 0.025918515446128897 0.025054565057222235
0 0.7505030166602011 0.9023735913287542 0.026242497021142272 0.02505456505722222
0 0.8161092592347751 0.9031295480330673 0.027862404201233697 0.02440660216781141
