0 0.16176116241963823 0.3507007108832928 0.021455841099588063 0.02891233879715331
0 0.2026806502125407 0.3474811160607972 0.023047298017479532 0.03118163849423702
0 0.25013096966029275 0.341380360703229 0.023047298017479532 0.032537361907029945
0 0.29656449654844996 0.3379910358882649 0.025080883136668883 0.03389311788578643
0 0.345370539408995 0.3335849510796698 0.023725159723876104 0.031859500200633446
0 0.39688802909512577 0.3291788499880928 0.026436606549461814 0.03253736190702998
0 0.4531505507260316 0.32307809463052467 0.02508088313666896 0.031181638494237055
0 0.5111077266229287 0.3162994775665602 0.02711446825585824 0.0352488087326158
0 0.58567251444014 0.32036664780493884 0.01355723390072779 0.03660453214540868
0 0.6127869825823973 0.3295177808412911 0.013557234127929191 0.03321522361342648
0 0.6365121423062733 0.3403635681436344 0.012201510715136123 0.0345709470262193
0 0.6585426477641582 0.34917577032678826 0.008812202183154056 0.03728239385180515
0 0.6782006372496554 0.35663224909714936 0.010167925595946769 0.0345709470262193
0 0.6978586267351529 0.365105520427105 0.010167925595946911 0.03389308531982287
0 0.7900478188050709 0.38306885564661114 0.014235095834325619 0.018302266072704326
0 0.8117393934097575 0.38306885564661114 0.015590819247118476 0.022369436311083034
0 0.8341088297208407 0.3810352705274218 0.019657989485497324 0.022369436311083107
0 0.8558004043255272 0.3783238237018359 0.01694654265991133 0.02101371289829018
0 0.8778309097834122 0.3790016854082324 0.016268680953514972 0.022369436311083107
0 0.9005392769476933 0.37662916013128395 0.019657989485497324 0.021691593213808747
0 0.9252812292311642 0.3766291694358448 0.020335851191893822 0.02440302143027246
0 0.9479895963954454 0.3745955843166555 0.02101371289829018 0.025758744843065385
0 0.9747651337981056 0.3718841374910696 0.025758744843065527 0.02440302143027246
