0 0.15717943582141214 0.8890688521519418 0.02630437765052124 0.025585678638909273
0 0.2233715988314711 0.891224948666457 0.028460473847062562 0.02472324003310348
0 0.2893481522478922 0.8926623463428001 0.025873158174178137 0.02472324003310362
0 0.3548934862891434 0.8951059223925837 0.02673559677998405 0.022710883286223123
0 0.4204388203303946 0.8963995783282713 0.028460473991595944 0.022998366767533945
0 0.48727781228035494 0.8972620189070986 0.02759803538579014 0.025298199103640825
0 0.5530387559730576 0.8988431563510759 0.0254419388712752 0.023285842356760327
0 0.6192309189686633 0.9001368172193165 0.027598035385789924 0.025873152255114867
0 0.6839138144041087 0.9002805451488243 0.024148280962566267 0.02558569639609898
0 0.7511840256136117 0.9022929107743 0.0258731582608979 0.02558567863890957
0 0.8158693577616054 0.9031193966144662 0.029322913262256205 0.02472324003310376
