0 0.298884036875303 0.3527029470207129 0.04657933042212516 0.03543165592340523
0 0.3571081999029597 0.35425764192139736 0.042697719553614774 0.03384279475982531
0 0.4152074128876885 0.3554922089545734 0.04820349912152586 0.031428133660199364
0 0.4738184856831801 0.35826527957164983 0.04491689690869457 0.03327684740491705
0 0.5321283071864361 0.35855696243144747 0.051854730630696795 0.03287219531053104
0 0.5922139474410529 0.35971442774217083 0.05020854870591278 0.03333519668715716
0 0.6518880422144742 0.36133489442952055 0.04938545774352072 0.03287219531053097
0 0.7103275005443069 0.36272386042855714 0.047739275818736784 0.03379817264322199
0 0.79824596169221 0.3344560874048322 0.13046814844875784 0.09803785009866114
0 0.21562102396302366 0.3215711051307169 0.10457370677190521 0.09691743290554483
