0 0.23267206259560552 0.6996228745355395 0.011751697218752107 0.033203886323528733
0 0.2536826727745865 0.6937726659928226 0.01246392129261583 0.036682388700279206
0 0.2754055070274313 0.6883967986832988 0.01317614536647966 0.03604993372268837
0 0.3012236297049926 0.6822303626517865 0.016025041661934695 0.03446879627871056
0 0.3224122959024396 0.6795424289970247 0.014600593514207106 0.03541747874509724
0 0.34983292274619443 0.6729016517323189 0.016737265735798416 0.036682388700279206
0 0.3718228410267381 0.6665771019564087 0.014066425458809277 0.039844663588234394
0 0.39951055189819185 0.6610431209024873 0.01709337777273028 0.03826352614425673
0 0.42799951485274235 0.6539280024045883 0.018517825920457795 0.03857975363305215
0 0.46236432641666897 0.6444411777407228 0.01531281758807097 0.03921220861064327
0 0.49459246575900406 0.6384328554536083 0.016025041661934622 0.048066578296917656
0 0.528066997230601 0.631475850700107 0.014956705551139038 0.04490430340896246
0 0.5667051532377101 0.6229377085026282 0.02350339443750414 0.045536758386553376
0 0.600001628690841 0.6145576800495473 0.02101061017898104 0.0464854408529402
0 0.6434472971965306 0.6060195378520684 0.030625635176141728 0.04711789583053104
0 0.6793255849174176 0.5984300781209763 0.019764218049719347 0.04711789583053111
0 0.7236615335154368 0.5879945709907243 0.022969226382106456 0.0515450806736682
0 0.7749416668336278 0.5815119259181633 0.03365258749006287 0.051228816289378164
