0 0.11092706878784254 0.23466119531738971 0.01712998006417898 0.03157582704476359
0 0.18258052369841182 0.23771692051527016 0.01921900249456968 0.02750152678092313
0 0.25527848965613187 0.2394994268807004 0.017547784886346243 0.02902938937986331
0 0.3271408468097401 0.24255515207858072 0.020054611298681344 0.03004796444582347
0 0.4019278347777394 0.2458655210429511 0.01754778488634621 0.029538676912843335
0 0.4735812897303198 0.24561087727646103 0.017129980484290357 0.02902938937986324
0 0.5471148644921516 0.24841195870785135 0.017129980484290357 0.028520101846883215
0 0.6223196568622068 0.24917589000732143 0.017965589288402056 0.028010814313903155
0 0.08794782663275899 0.5081486005276808 0.016294371680178638 0.026482951714962937
0 0.08711221782864728 0.5374326336740342 0.016294371680178648 0.026992239247943032
0 0.08732112002967522 0.5649341604549573 0.017547784886346215 0.029029389379863203
0 0.08544100022042382 0.596000699966741 0.01629437168017862 0.03004796444582347
0 0.3373770546601088 0.5160425572888718 0.016294371680178586 0.028010814313903225
0 0.33591473925291326 0.5450719466687352 0.01754778488634621 0.03004796444582347
0 0.33591473925291326 0.5738466922821083 0.01754778488634621 0.026482951714962937
0 0.3352880326498295 0.6033853691949517 0.01963680689662553 0.02750152678092313
0 0.3657877539999074 0.5147693384564217 0.01796558928840213 0.030557251978803494
0 0.3662055584019632 0.5453265904352251 0.016294371680178586 0.03055725197880342
0 0.365578851826887 0.5748652725910591 0.01921900249456968 0.029538652445552992
0 0.3641165363916839 0.6028760816619716 0.017129980484290357 0.03157582704476369
0 0.6202306348519275 0.5241911578165528 0.017129980484290357 0.03004796444582347
0 0.6179327106406203 0.5550030535618461 0.010862914453452461 0.027501526780923272
0 0.6154258842282851 0.579703498911379 0.009191696845228919 0.021899363918142498
0 0.615843688630341 0.6094968195907124 0.008356088041117218 0.03157582704476361
