0 0.33845664679079285 0.5993811453108875 0.02298648362130172 0.03159899024027266
0 0.37195632823306196 0.5989059725253194 0.02263010391267649 0.031598990240272684
0 0.40465415553996065 0.5984307997397513 0.022095534528912494 0.03302450859697657
0 0.43726288794956536 0.5992623521144954 0.02280829370726451 0.03326209498976063
0 0.46906976628352404 0.5987871793289274 0.02263010391267656 0.03231174941862456
0 0.5008766446174827 0.5999751112928474 0.02173915493973652 0.0323117494186247
0 0.5327726178487354 0.5991435589181034 0.021739154939736594 0.03207416302584079
0 0.564668591079988 0.5996187317036715 0.02138277535056048 0.03112381745470472
0 0.5959409000301827 0.5993811453108875 0.02298648350185246 0.032074163025840645
0 0.6277477783641413 0.5990247657217114 0.021739154939736452 0.0323117494186247
0 0.007216686680814151 0.8009746850468624 0.014433373361628301 0.09028580017541571
0 0.049804047587347036 0.777808526291675 0.036172528301364755 0.09527214350638602
0 0.096044299282934 0.7482290203900663 0.028866746723256592 0.08505592861667381
0 0.13284049186535676 0.7274402110214657 0.02441200185855651 0.07626523208366578
0 0.1627763773561414 0.7084332995987456 0.017997169253388366 0.06771212194344116
