0 0.20325656901694736 0.5354433145309316 0.03318729280431581 0.06419418022548862
0 0.2330066066036129 0.5433490017508192 0.031527928361145194 0.059766995382351536
0 0.26050464894866293 0.5533101589665852 0.03200203222443327 0.05565605539059531
0 0.2875285872874085 0.5620064116529767 0.029157407137816914 0.0547073664132393
0 0.31218200468885887 0.5722838082943158 0.028209198775611507 0.05502360041300423
0 0.3368354221062 0.5795570329404813 0.02678688623230343 0.05565607058285757
0 0.3598294748896812 0.586355922864423 0.024416365326789743 0.05344248033161211
0 0.38069005887409185 0.5952103099132832 0.02299405281526318 0.05217753565125932
0 0.4016691688719963 0.6026416558999776 0.02038647978741679 0.04933148825209962
0 0.42110744029720754 0.6103892293754677 0.018964167244108553 0.050280170718486235
0 0.4407827638129702 0.6175043478733666 0.018964167244108553 0.051228853184872636
0 0.45891724874014905 0.6249356938600612 0.017304802610249085 0.04522053089775795
