0 0.1320960701617239 0.1501091703056768 0.03711790334467448 0.046943231441048026
0 0.1970524017467249 0.1490174672489083 0.042576419213973794 0.049126637554585136
0 0.26200873362445415 0.1490174672489083 0.0393013100436681 0.04257641921397381
0 0.32969432314410485 0.15065502183406113 0.03930131004366807 0.0436681222707424
0 0.39301310043668125 0.148471615720524 0.03930131004366814 0.050218340611353704
0 0.4596069868995633 0.14792576419213976 0.03275109170305683 0.04912663755458519
0 0.5322052401746725 0.14683406113537117 0.04912663755458517 0.060043668122270744
0 0.6004366812227074 0.14683406113537117 0.03930131004366814 0.046943231441048054
0 0.6664847161572053 0.14792576419213976 0.03820960698689959 0.04912663755458519
0 0.730349344978166 0.14683406113537117 0.037117903930131035 0.04039301310043669
0 0.7925764192139738 0.14465065502183408 0.03930131004366814 0.04694323144104802
0 0.8597161572052401 0.1435589519650655 0.03602620087336248 0.04694323144104803
0 0.9213973799126639 0.14410480349344978 0.037117903930131035 0.045851528384279465
