0 0.6211693208764723 0.25327510917030566 0.05831054902621382 0.14192139737991266
0 0.6798848042709238 0.273471615720524 0.054261205343837986 0.13209606986899558
0 0.728881862827673 0.28711790393013104 0.048592124188511436 0.111353711790393
0 0.7762591839114716 0.3056768558951965 0.04940199292498676 0.11572052401746728
0 0.8167526207352312 0.31331877729257646 0.044542780506135526 0.10698689956331883
0 0.8568411231907532 0.3258733624454148 0.042113174296709986 0.10371179039301306
0 0.43651924882440485 0.3564410480349344 0.027535537311603152 0.11244541484716153
0 0.24848024477125555 0.5048382315633105 0.024179823524275754 0.0432894403033049
0 0.2824831216022683 0.5050928753298005 0.025691062494543004 0.042780152770324806
0 0.3159192838194309 0.5071300254617206 0.023802013781708844 0.042780152770324875
0 0.34633296809605896 0.5078939567611908 0.0219129650688749 0.03921514003946441
0 0.3741019841747194 0.5071300254617207 0.021535155326308057 0.04074300263840456
0 0.4020599051246632 0.509421819360131 0.02077953584117438 0.03615941484158405
