0 0.470524017467249 0.3264192139737991 0.047307132459970876 0.06550218340611352
0 0.47343522561863177 0.40174672489082963 0.045851528384279444 0.074235807860262
0 0.534934497816594 0.32532751091703055 0.04512372634643377 0.07205240174672486
0 0.5389374090247453 0.40393013100436675 0.04585152838427952 0.0764192139737991
0 0.5993449781659389 0.32969432314410485 0.042940320232896595 0.06768558951965066
0 0.6026200873362445 0.4012008733624455 0.04221251819505085 0.06877729257641917
0 0.6626637554585153 0.32860262008733626 0.04294032023289674 0.0698689956331878
0 0.668486171761281 0.4006550218340611 0.040029112081513885 0.07205240174672489
0 0.7259825327510916 0.3286026200873362 0.042940320232896595 0.058951965065502175
0 0.7314410480349345 0.40120087336244536 0.04366812227074234 0.07096069868995634
0 0.7852983988355168 0.3329694323144105 0.04803493449781655 0.06550218340611352
0 0.7914847161572053 0.4028384279475983 0.044395924308588096 0.06550218340611352
