0 0.2042211153992544 0.5502183406113537 0.2643824459878123 0.4781659388646288
0 0.4170367065968741 0.4072052401746726 0.08758180099286662 0.13755458515283842
0 0.5144407656175808 0.4093886462882096 0.08103362901088614 0.14410480349344978
0 0.6130726069500662 0.4104803493449781 0.09003736550668527 0.1419213973799127
0 0.7096581444936012 0.4110262008733625 0.08840032249747282 0.1430131004366813
0 0.8070622035417426 0.41375545851528384 0.08840032249747282 0.13537117903930132
0 0.7992862492479834 0.5655021834061135 0.08758180099286647 0.13537117903930132
0 0.7055655369705701 0.5627729032865592 0.08512623647904803 0.13646292705133553
0 0.6102077816839444 0.5600436681222708 0.08594475798365422 0.1331877729257642
0 0.5140315048927124 0.5611353711790393 0.08185215046062304 0.13537117903930138
0 0.4162181850922678 0.5589519538266857 0.08758180099286653 0.13755460763047134
0 0.41376262057844926 0.7123362333026684 0.08430771497444162 0.13864631068724
0 0.5115759403788936 0.7101528384279476 0.08512623647904796 0.1364628820960698
0 0.60570591340861 0.7101528384279476 0.08512623647904789 0.1364628820960698
0 0.7010636686952358 0.712882096069869 0.08758180099286662 0.13318777292576414
0 0.7960121632295585 0.7145196506550218 0.08594475798365409 0.13427947598253284
