0 0.3395196506550219 0.23799126637554585 0.03493449781659393 0.05021834061135369
0 0.2685589519650655 0.2631004366812227 0.0349344978165939 0.04803493449781655
0 0.20196506550218338 0.2794759825327511 0.026200873362445413 0.050218340611353725
0 0.15065502183406113 0.29530567685589515 0.024017467248908294 0.04039301310043669
0 0.09934497816593886 0.310589519650655 0.026200873362445396 0.044759825327510896
0 0.055131004366812224 0.32259825327510916 0.027292576419213965 0.04257641921397383
0 0.5933406113537117 0.2478165938864629 0.03602620087336234 0.06331877729257637
0 0.703056811996788 0.2969432314410479 0.0393012231679963 0.06331877729257646
0 0.7838427947598254 0.3346069868995633 0.02838427947598248 0.04694323144104803
0 0.8569868995633187 0.36135371179039294 0.030567685589519725 0.05240174672489083
0 0.9126637554585153 0.3804585152838428 0.024017467248908277 0.03820960698689959
0 0.9623362445414847 0.40611353711790393 0.022925764192139722 0.037117903930131035
