0 0.2722434497816594 0.3062227074235808 0.030294759825327554 0.05131004366812228
0 0.31113537117903933 0.3084061135371179 0.03438864628820958 0.05349344978165938
0 0.35125545851528384 0.30731441048034935 0.032751091703056685 0.05131004366812228
0 0.390556768558952 0.30840611353711794 0.03602620087336241 0.05131004366812224
0 0.4327237991266375 0.3111353711790393 0.03193231441048035 0.04803493449781662
0 0.4703875545851528 0.3116812227074236 0.03356986899563317 0.05131004366812224
0 0.5084606986899562 0.31331877729257646 0.03275109170305676 0.050218340611353725
0 0.5465338427947599 0.31386462882096067 0.03356986899563317 0.04257641921397376
0 0.5854257641921399 0.31495633187772926 0.03438864628820958 0.04694323144104807
0 0.6226801310043668 0.31495633187772926 0.03356986899563317 0.05349344978165938
0 0.6607532751091704 0.3187772925764192 0.03275109170305683 0.050218340611353725
0 0.6975982532751093 0.3193231441048035 0.03438864628820966 0.049126637554585136
0 0.7360807795105253 0.31986899563318777 0.03438865931956028 0.04803493449781659
0 0.7737445414847162 0.31823144104803497 0.03766375545851531 0.04475982532751093
