0 0.22106986899563322 0.3411572052401747 0.04748908296943227 0.06441048034934496
0 0.2177947598253275 0.4033842794759825 0.04912663755458517 0.06441048034934503
0 0.2710152838427948 0.3389737991266375 0.05240174672489086 0.06441048034934489
0 0.271424672489083 0.40174672489082963 0.05322052401746724 0.06331877729257634
0 0.3238264192139738 0.3406113537117904 0.05322052401746724 0.06550218340611355
0 0.32300764192139736 0.4050218340611354 0.05322052401746724 0.06113537117903931
0 0.7790665938864629 0.3346069868995633 0.058133187772925796 0.06004366812227072
0 0.7819323144104803 0.40010917030567683 0.054039301310043725 0.06004366812227069
0 0.8318777292576419 0.3324235807860262 0.05895196506550221 0.062227074235807894
0 0.8359716157205241 0.39737991266375544 0.054039301310043725 0.06768558951965062
0 0.8867358078602621 0.32914847161572053 0.057314410480349236 0.06877729257641921
0 0.8887827510917031 0.3968340611353712 0.061408296943231445 0.06441048034934496
