0 0.14787772925764192 0.23962882096069868 0.031895196506550205 0.06877729257641921
0 0.18267248908296943 0.23689956331877732 0.031895196506550184 0.07205240174672493
0 0.21819213973799126 0.23198689956331875 0.033344978165938885 0.07096069868995634
0 0.2555240174672489 0.22707423580786026 0.03551965065502181 0.06768558951965069
0 0.648052401746725 0.175764192139738 0.04784279475982536 0.08951965065502182
0 0.7009694323144106 0.16975982532751088 0.047842794759825294 0.0796943231441048
0 0.7560611353711789 0.1653930131004367 0.05074235807860262 0.08624454148471615
0 0.8133275109170305 0.15884279475982535 0.049292576419213814 0.09497816593886464
0 0.5952226638777448 0.420588501095655 0.015348415900911192 0.02758897145033579
0 0.5781413623106018 0.4213341489726911 0.012872864949151292 0.029080267204408018
0 0.5590796199820508 0.4231982686652813 0.016338636281615138 0.03131721083551625
0 0.804406719301453 0.4086581350630773 0.016833746471967004 0.03206285871255247
0 0.8266866778672919 0.40567554355493285 0.02178484837548666 0.029080267204408088
0 0.8497093017186584 0.40791248718604123 0.014358195520207175 0.029080267204408018
