0 0.4351801310043668 0.13864628820960698 0.04830786026200883 0.09825327510917031
0 0.4929039301310044 0.15447598253275108 0.03930131004366814 0.09279475982532748
0 0.5428493449781658 0.16593884589746025 0.03275109170305683 0.08515287589066903
0 0.8040393013100438 0.24017467248908297 0.027838427947598346 0.06331877729257641
0 0.8306495665766152 0.24563318028038153 0.023744626188496577 0.054585182808605165
0 0.8556222707423581 0.25600436681222705 0.022925764192139722 0.06004366812227076
0 0.3618995600609396 0.13810045166631127 0.029475976017075797 0.08842791762807617
0 0.33119541484716164 0.15502183406113537 0.027019650655021862 0.08951965065502182
0 0.304585152838428 0.16921397379912662 0.026200873362445413 0.08951965065502182
0 0.27920306979990966 0.18504366812227072 0.022925790254841365 0.08406113537117905
0 0.25873362445414844 0.19868991137661196 0.027838427947598266 0.08296952222494186
0 0.23335152838427953 0.21397379912663753 0.01637554585152838 0.07860262008733625
0 0.2169760151111281 0.22707423580786026 0.019650720178587874 0.07860262008733625
0 0.1960971778612409 0.2352620087336244 0.017194355722481753 0.07532751091703058
0 0.09252183406113539 0.2953056581245345 0.014737991266375552 0.05349348724438077
0 0.17808406113537117 0.2478165938864629 0.020469432314410483 0.06331877729257637
0 0.16170851528384278 0.25600436681222705 0.015556768558951984 0.06004366812227076
0 0.1481986899563319 0.26692139737991266 0.019650655021834086 0.06222707423580786
0 0.13346072149482022 0.27347161572052386 0.013100391071495 0.06222707423580784
0 0.11831331877729259 0.28111353711790393 0.01719432314410481 0.05567685589519655
0 0.10398471615720524 0.28820960698689957 0.01310043668122269 0.06331877729257637
