0 0.11007051059623027 0.5431222707423581 0.09902254113118115 0.15829694323144097
0 0.11743582357292968 0.7194323144104804 0.09411233248004817 0.18340611353711786
0 0.20254610685923413 0.5382096069868996 0.0957490686970925 0.16157205240174677
0 0.2078654995646282 0.6970524017467248 0.09329396437152603 0.14956331877729262
0 0.29543088717649907 0.5376637554585153 0.093293964371526 0.1626637554585153
0 0.2995227277191098 0.6981441048034934 0.08511028328630442 0.15393013100436684
0 0.3846330107311187 0.5376637554585153 0.08511028328630445 0.1626637554585153
0 0.3874972993852419 0.7014192139737991 0.08756538761187088 0.14956331877729256
0 0.4742443188885906 0.5371179039301309 0.09083886004595954 0.1506550218340611
0 0.47629023915989604 0.6981441048034935 0.08838375572039311 0.1582969432314411
0 0.5630372586632447 0.534934497816594 0.08674701950334879 0.14847161572052406
0 0.5654923629888112 0.6937772925764192 0.0867470195033487 0.14519650655021826
0 0.6538761187092044 0.5387554585152838 0.08347354706926005 0.15393013100436684
0 0.6534669346549432 0.6986899563318777 0.08429191517778228 0.15283842794759828
0 0.7447149788100229 0.5382096069868997 0.08511028339602301 0.1550218340611354
0 0.7426690584838584 0.6937772925764192 0.0859286513948267 0.1364628820960698
0 0.8375997590724289 0.5376637554585153 0.0908388600459594 0.15393013100436684
0 0.8335079185298181 0.6910480349344978 0.08592865139482654 0.13755458515283842
0 0.9284386191183884 0.5360262008733625 0.09083886004595967 0.1593886462882096
0 0.9223008583044723 0.6932314410480349 0.09002049193743744 0.13755458515283833
